Métodos de ordenação
--------------------------------------------------------------------------------------------------------------------------------------------------------------------------------------------------------------------------------------------------------------------------
| Algoritmos             | Arquivo Ordenado                                                              | Arquivo Reverso                                                               | Arquivo Randomico                                                                 |
--------------------------------------------------------------------------------------------------------------------------------------------------------------------------------------------------------------------------------------------------------------------------
|                        |  Comp.Prog. *  |  Comp.Equa. #  |  Mov.Prog. +  |  Mov Equa. -   |    Tempo    |  Comp.Prog. *  |  Comp.Equa. #  |  Mov.Prog. +  |  Mov Equa. -   |    Tempo    |  Comp.Prog. *  |  Comp.Equa. #  |  Mov.Prog. +  |  Mov Equa. -   |    Tempo    |
--------------------------------------------------------------------------------------------------------------------------------------------------------------------------------------------------------------------------------------------------------------------------
| Insertion Sort         |  1023          |  1023          |  1023         |  3069          |   5        |  1023          |  262399        |  524799       |  525822        |   1933     |  1023          |  262399        |  259621       |  264445        |   961      |

| Binnary Insertion      |  18434         |  6585          |  1023         |  3069          |   19       |  17430         |  6585          |  524799       |  525822        |   1938     |  16858         |  6585          |  260102       |  264445        |   954      |

| Selection Sort         |  523776        |  523776        |  2048         |  3069          |   856      |  523776        |  523776        |  2048         |  265213        |   1288     |  523776        |  523776        |  2048         |  7688          |   882      |

| Bubble Sort            |  1023          |  523776        |  0            |  0             |   3        |  523776        |  523776        |  1047552      |  785664        |   3877     |  522996        |  523776        |  517196       |  1571328       |   2735     |

| Shake Sort             |  1023          |  523776        |  0            |  0             |   3        |  655104        |  523776        |  1047552      |  785664        |   4195     |  420714        |  523776        |  517196       |  1571328       |   2350     |

| Shell Sort             |  8204          |  -1            |  8204         |  -1            |   41       |  8204          |  -1            |  12642        |  -1            |   57       |  8204          |  -1            |  15202        |  -1            |   66       |

| Heap Sort              |  523776        |  -1            |  19707        |  -1            |   1679     |  523776        |  -1            |  17939        |  -1            |   1679     |  523776        |  -1            |  19601        |  -1            |   1695     |

| Quick s/ pivo          |  527868        |  -1            |  0            |  -1            |   834      |  527868        |  -1            |  1024         |  -1            |   840      |  20465         |  -1            |  7504         |  -1            |   58       |

| Quick c/ pivo          |  9228          |  -1            |  1024         |  -1            |   18       |  9238          |  -1            |  2048         |  -1            |   20       |  14208         |  -1            |  5832         |  -1            |   37       |

| Merge 1 Implementacao  |  9217          |  -1            |  20480        |  -1            |   87       |  9217          |  -1            |  20480        |  -1            |   87       |  8942          |  -1            |  20480        |  -1            |   86       |

| Merge 2 Implementacao  |  5120          |  -1            |  20480        |  -1            |   87       |  5120          |  -1            |  20480        |  -1            |   89       |  8966          |  -1            |  20480        |  -1            |   95       |

| Counting Sort          |  1023          |  -1            |  1023         |  -1            |   6        |  1023          |  -1            |  1023         |  -1            |   6        |  1023          |  -1            |  1023         |  -1            |   6        |

| Bucket Sort            |  0             |  -1            |  1024         |  -1            |   23       |  0             |  -1            |  1024         |  -1            |   20       |  0             |  -1            |  1024         |  -1            |   20       |

| Radix Sort             |  0             |  -1            |  4096         |  -1            |   24       |  0             |  -1            |  4096         |  -1            |   24       |  0             |  -1            |  4096         |  -1            |   24       |

| Comb Sort              |  19168         |  -1            |  0            |  -1            |   62       |  20191         |  -1            |  3284         |  -1            |   72       |  23260         |  -1            |  8488         |  -1            |   91       |

| Gnome Sort             |  1023          |  -1            |  0            |  -1            |   4        |  1047552       |  -1            |  1047552      |  -1            |   5424     |  518218        |  -1            |  517196       |  -1            |   2686     |

| Tim Sort               |  3552          |  -1            |  11232        |  -1            |   50       |  511456        |  -1            |  1026048      |  -1            |   1864     |  62693         |  -1            |  125897       |  -1            |   257      |

-------------------------------------------------------------------------------------------------------------------------------------------------------------------------------------------------------------------------------------------------------------------------
Tempo total: 40443 segundos